11111111111111111111111111000110
11111111111111111111111111010010
11111111111111111111111111011111
11111111111111111111111111101100
11111111111111111111111111111010
00000000000000000000000000001000
00000000000000000000000000011000
00000000000000000000000000101001
00000000000000000000000000111100
00000000000000000000000001001111
00000000000000000000000001100010
00000000000000000000000001110011
00000000000000000000000010000011
00000000000000000000000010010001
00000000000000000000000010011110
00000000000000000000000010101001
00000000000000000000000010110010
00000000000000000000000010111000
00000000000000000000000010111010
00000000000000000000000010111001
00000000000000000000000010110100
00000000000000000000000010101011
00000000000000000000000010011111
00000000000000000000000010010010
00000000000000000000000010000011
00000000000000000000000001110010
00000000000000000000000001100000
00000000000000000000000001001110
00000000000000000000000000111001
00000000000000000000000000100100
00000000000000000000000000001110
11111111111111111111111111111001
11111111111111111111111111100101
11111111111111111111111111010010
11111111111111111111111111000001
11111111111111111111111110110000
11111111111111111111111110011111
11111111111111111111111110001111
11111111111111111111111110000001
11111111111111111111111101110011
11111111111111111111111101100111
11111111111111111111111101011101
11111111111111111111111101010100
11111111111111111111111101001110
11111111111111111111111101001001
11111111111111111111111101001000
11111111111111111111111101001010
11111111111111111111111101001110
11111111111111111111111101010110
11111111111111111111111101100001
11111111111111111111111101101111
11111111111111111111111101111111
11111111111111111111111110010010
11111111111111111111111110100101
11111111111111111111111110111001
11111111111111111111111111001110
11111111111111111111111111100001
11111111111111111111111111110100
00000000000000000000000000000110
00000000000000000000000000010101
00000000000000000000000000100001
00000000000000000000000000101011
00000000000000000000000000110100
00000000000000000000000000111011
00000000000000000000000001000011
00000000000000000000000001001100
00000000000000000000000001010101
00000000000000000000000001011111
00000000000000000000000001100111
00000000000000000000000001101101
00000000000000000000000001110010
00000000000000000000000001110110
00000000000000000000000001111010
00000000000000000000000001111111
00000000000000000000000010000100
00000000000000000000000010000111
00000000000000000000000010000111
00000000000000000000000010000011
00000000000000000000000001111011
00000000000000000000000001101111
00000000000000000000000001100000
00000000000000000000000001010000
00000000000000000000000000111111
00000000000000000000000000101110
00000000000000000000000000011101
00000000000000000000000000001101
11111111111111111111111111111101
11111111111111111111111111101110
11111111111111111111111111100001
11111111111111111111111111010101
11111111111111111111111111001010
11111111111111111111111111000000
11111111111111111111111110111000
11111111111111111111111110110010
11111111111111111111111110101110
11111111111111111111111110101011
11111111111111111111111110101001
11111111111111111111111110100111
11111111111111111111111110100110
11111111111111111111111110100111
11111111111111111111111110101001
11111111111111111111111110101100
11111111111111111111111110110000
11111111111111111111111110110100
11111111111111111111111110111000
11111111111111111111111110111101
11111111111111111111111111000100
11111111111111111111111111001100
11111111111111111111111111011000
11111111111111111111111111100101
11111111111111111111111111110011
00000000000000000000000000000001
00000000000000000000000000001101
00000000000000000000000000011001
00000000000000000000000000100100
00000000000000000000000000101111
00000000000000000000000000111010
00000000000000000000000001000100
00000000000000000000000001001011
00000000000000000000000001001111
00000000000000000000000001001111
00000000000000000000000001001101
00000000000000000000000001001001
00000000000000000000000001000011
00000000000000000000000000111110
00000000000000000000000000111000
00000000000000000000000000110100
00000000000000000000000000110001
00000000000000000000000000101110
00000000000000000000000000101100
00000000000000000000000000101010
00000000000000000000000000100111
00000000000000000000000000100100
00000000000000000000000000100010
00000000000000000000000000100000
00000000000000000000000000011110
00000000000000000000000000011101
00000000000000000000000000011000
00000000000000000000000000010000
00000000000000000000000000000010
11111111111111111111111111110001
11111111111111111111111111100000
11111111111111111111111111010010
11111111111111111111111111000111
11111111111111111111111110111110
11111111111111111111111110110111
11111111111111111111111110110001
11111111111111111111111110101101
11111111111111111111111110101010
11111111111111111111111110101011
11111111111111111111111110101110
11111111111111111111111110110011
11111111111111111111111110111001
11111111111111111111111110111111
11111111111111111111111111000101
11111111111111111111111111001011
11111111111111111111111111010001
11111111111111111111111111010111
11111111111111111111111111011100
11111111111111111111111111100001
11111111111111111111111111100101
11111111111111111111111111101001
11111111111111111111111111101101
11111111111111111111111111110001
11111111111111111111111111110101
11111111111111111111111111111010
00000000000000000000000000000000
00000000000000000000000000001000
00000000000000000000000000010000
00000000000000000000000000011010
00000000000000000000000000100011
00000000000000000000000000101010
00000000000000000000000000101111
00000000000000000000000000110011
00000000000000000000000000110100
00000000000000000000000000110100
00000000000000000000000000110010
00000000000000000000000000101111
00000000000000000000000000101010
00000000000000000000000000100100
00000000000000000000000000011101
00000000000000000000000000010101
00000000000000000000000000001110
00000000000000000000000000001000
00000000000000000000000000000011
00000000000000000000000000000001
00000000000000000000000000000010
00000000000000000000000000000100
00000000000000000000000000000111
00000000000000000000000000001001
00000000000000000000000000001011
00000000000000000000000000001101
00000000000000000000000000010000
00000000000000000000000000010011
00000000000000000000000000010111
00000000000000000000000000011001
00000000000000000000000000011011
00000000000000000000000000011010
00000000000000000000000000011000
00000000000000000000000000010110
00000000000000000000000000010100
00000000000000000000000000010010
00000000000000000000000000010001
00000000000000000000000000001111
00000000000000000000000000001110
00000000000000000000000000001100
00000000000000000000000000001010
00000000000000000000000000001011
00000000000000000000000000001100
00000000000000000000000000001111
00000000000000000000000000010010
00000000000000000000000000010100
00000000000000000000000000010100
00000000000000000000000000010011
00000000000000000000000000010000
00000000000000000000000000001100
00000000000000000000000000000111
00000000000000000000000000000001
11111111111111111111111111111010
11111111111111111111111111110011
11111111111111111111111111101010
11111111111111111111111111100000
11111111111111111111111111010111
11111111111111111111111111001111
11111111111111111111111111001001
11111111111111111111111111000111
11111111111111111111111111000111
11111111111111111111111111001001
11111111111111111111111111001011
11111111111111111111111111001111
11111111111111111111111111010010
11111111111111111111111111010101
11111111111111111111111111011010
11111111111111111111111111011110
11111111111111111111111111100010
11111111111111111111111111100110
11111111111111111111111111101000
11111111111111111111111111101001
11111111111111111111111111101001
11111111111111111111111111101000
11111111111111111111111111100111
11111111111111111111111111101000
11111111111111111111111111101010
11111111111111111111111111101110
11111111111111111111111111110010
11111111111111111111111111110111
11111111111111111111111111111110
00000000000000000000000000000101
00000000000000000000000000001101
00000000000000000000000000010101
00000000000000000000000000011110
00000000000000000000000000100111
00000000000000000000000000101111
00000000000000000000000000110101
00000000000000000000000000111001
00000000000000000000000000111011
00000000000000000000000000111011
00000000000000000000000000111001
00000000000000000000000000110100
00000000000000000000000000101101
00000000000000000000000000100101
00000000000000000000000000011101
00000000000000000000000000010110
00000000000000000000000000010001
00000000000000000000000000001111
00000000000000000000000000001110
00000000000000000000000000001110
00000000000000000000000000001110
00000000000000000000000000001110
00000000000000000000000000001110
00000000000000000000000000001110
00000000000000000000000000001101
00000000000000000000000000001010
00000000000000000000000000000100
11111111111111111111111111111100
11111111111111111111111111110010
11111111111111111111111111100111
11111111111111111111111111011101
11111111111111111111111111010100
11111111111111111111111111001100
