11111111111111111111111111111001
00000000000000000000000000001001
00000000000000000000000000101001
00000000000000000000000001011010
00000000000000000000000010011011
00000000000000000000000011101010
00000000000000000000000101000101
00000000000000000000000110100100
00000000000000000000001000000000
00000000000000000000001001010000
00000000000000000000001010001110
00000000000000000000001010110100
00000000000000000000001010111100
00000000000000000000001010101000
00000000000000000000001001111000
00000000000000000000001000101111
00000000000000000000000111010000
00000000000000000000000101100001
00000000000000000000000011101000
00000000000000000000000001101100
11111111111111111111111111110100
11111111111111111111111110000110
11111111111111111111111100100110
11111111111111111111111011011001
11111111111111111111111010011101
11111111111111111111111001110011
11111111111111111111111001010111
11111111111111111111111001000100
11111111111111111111111000110011
11111111111111111111111000100010
11111111111111111111111000001101
11111111111111111111110111110011
11111111111111111111110111010011
11111111111111111111110110101011
11111111111111111111110101111110
11111111111111111111110101010000
11111111111111111111110100100111
11111111111111111111110100000100
11111111111111111111110011101010
11111111111111111111110011011101
11111111111111111111110011100011
11111111111111111111110011111111
11111111111111111111110100110010
11111111111111111111110101111001
11111111111111111111110111001011
11111111111111111111111000100100
11111111111111111111111001111110
11111111111111111111111011010010
11111111111111111111111100011001
11111111111111111111111101010001
11111111111111111111111101110111
11111111111111111111111110001101
11111111111111111111111110010100
11111111111111111111111110001010
11111111111111111111111101110011
11111111111111111111111101010110
11111111111111111111111100111011
11111111111111111111111100101000
11111111111111111111111100100010
11111111111111111111111100101110
11111111111111111111111101001111
11111111111111111111111110001011
11111111111111111111111111100010
00000000000000000000000001001110
00000000000000000000000011001010
00000000000000000000000101010000
00000000000000000000000111011011
00000000000000000000001001100010
00000000000000000000001011011101
00000000000000000000001101000100
00000000000000000000001110010101
00000000000000000000001111001100
00000000000000000000001111100001
00000000000000000000001111010000
00000000000000000000001110011101
00000000000000000000001101010011
00000000000000000000001011111010
00000000000000000000001010011001
00000000000000000000001000110100
00000000000000000000000111010010
00000000000000000000000101111011
00000000000000000000000100110011
00000000000000000000000011111011
00000000000000000000000011001111
00000000000000000000000010101010
00000000000000000000000010001001
00000000000000000000000001100111
00000000000000000000000000111101
00000000000000000000000000000111
11111111111111111111111111000100
11111111111111111111111101111000
11111111111111111111111100100100
11111111111111111111111011001011
11111111111111111111111001110001
11111111111111111111111000100000
11111111111111111111110111100000
11111111111111111111110110111010
11111111111111111111110110110011
11111111111111111111110111001100
11111111111111111111111000000110
11111111111111111111111001011110
11111111111111111111111011010000
11111111111111111111111101010101
11111111111111111111111111100100
00000000000000000000000001110100
00000000000000000000000011111101
00000000000000000000000101110011
00000000000000000000000111010001
00000000000000000000001000010011
00000000000000000000001000111000
00000000000000000000001001000001
00000000000000000000001000101100
00000000000000000000000111111100
00000000000000000000000110110110
00000000000000000000000101100011
00000000000000000000000100001100
00000000000000000000000010111000
00000000000000000000000001101011
00000000000000000000000000101001
11111111111111111111111111110100
11111111111111111111111111001110
11111111111111111111111110110100
11111111111111111111111110100101
11111111111111111111111110011101
11111111111111111111111110011000
11111111111111111111111110010100
11111111111111111111111110001101
11111111111111111111111101111110
11111111111111111111111101100100
11111111111111111111111100111101
11111111111111111111111100001100
11111111111111111111111011010100
11111111111111111111111010011000
11111111111111111111111001011111
11111111111111111111111000101101
11111111111111111111111000000111
11111111111111111111110111110000
11111111111111111111110111101000
11111111111111111111110111110001
11111111111111111111111000001011
11111111111111111111111000110101
11111111111111111111111001101101
11111111111111111111111010101101
11111111111111111111111011101110
11111111111111111111111100101000
11111111111111111111111101010101
11111111111111111111111101110011
11111111111111111111111110000001
11111111111111111111111101111100
11111111111111111111111101101001
11111111111111111111111101000110
11111111111111111111111100011001
11111111111111111111111011100111
11111111111111111111111010110100
11111111111111111111111010001010
11111111111111111111111001110000
11111111111111111111111001101011
11111111111111111111111001111110
11111111111111111111111010101010
11111111111111111111111011101111
11111111111111111111111101001001
11111111111111111111111110110100
00000000000000000000000000101001
00000000000000000000000010100000
00000000000000000000000100010011
00000000000000000000000101111101
00000000000000000000000111010110
00000000000000000000001000011010
00000000000000000000001001000101
00000000000000000000001001010110
00000000000000000000001001001111
00000000000000000000001000110110
00000000000000000000001000010000
00000000000000000000000111100100
00000000000000000000000110110110
00000000000000000000000110001010
00000000000000000000000101100011
00000000000000000000000101000101
00000000000000000000000100110000
00000000000000000000000100100101
00000000000000000000000100100010
00000000000000000000000100100011
00000000000000000000000100100100
00000000000000000000000100100001
00000000000000000000000100010110
00000000000000000000000011111110
00000000000000000000000011011010
00000000000000000000000010101011
00000000000000000000000001110001
00000000000000000000000000110000
11111111111111111111111111101011
11111111111111111111111110101001
11111111111111111111111101110000
11111111111111111111111101000101
11111111111111111111111100101100
11111111111111111111111100100111
11111111111111111111111100111001
11111111111111111111111101100001
11111111111111111111111110011101
11111111111111111111111111101000
00000000000000000000000000111010
00000000000000000000000010001110
00000000000000000000000011011100
00000000000000000000000100100000
00000000000000000000000101010100
00000000000000000000000101110101
00000000000000000000000110000001
00000000000000000000000101110111
00000000000000000000000101010101
00000000000000000000000100011101
00000000000000000000000011010011
00000000000000000000000001111111
00000000000000000000000000101011
11111111111111111111111111011101
11111111111111111111111110011001
11111111111111111111111101100000
11111111111111111111111100110010
11111111111111111111111100001111
11111111111111111111111011110110
11111111111111111111111011101001
11111111111111111111111011100111
11111111111111111111111011101110
11111111111111111111111011111001
11111111111111111111111100000001
11111111111111111111111011111111
11111111111111111111111011110001
11111111111111111111111011011000
11111111111111111111111010111000
11111111111111111111111010010110
11111111111111111111111001110101
11111111111111111111111001011010
11111111111111111111111001000110
11111111111111111111111000111011
11111111111111111111111000111011
11111111111111111111111001000111
11111111111111111111111001100001
11111111111111111111111010001001
11111111111111111111111011000000
11111111111111111111111100000001
11111111111111111111111101001001
11111111111111111111111110010010
11111111111111111111111111010110
00000000000000000000000000001111
00000000000000000000000000111001
00000000000000000000000001010100
00000000000000000000000001100000
00000000000000000000000001011111
00000000000000000000000001010100
00000000000000000000000001000010
00000000000000000000000000101001
00000000000000000000000000001101
11111111111111111111111111110100
11111111111111111111111111100001
11111111111111111111111111011010
11111111111111111111111111100010
11111111111111111111111111110111
00000000000000000000000000011001
00000000000000000000000001000111
00000000000000000000000001111101
00000000000000000000000010110101
00000000000000000000000011101100
00000000000000000000000100011110
00000000000000000000000101001000
00000000000000000000000101100100
00000000000000000000000101110001
00000000000000000000000101101101
00000000000000000000000101011010
00000000000000000000000100111000
00000000000000000000000100001101
00000000000000000000000011011100
00000000000000000000000010101011
00000000000000000000000001111101
00000000000000000000000001010100
00000000000000000000000000110000
00000000000000000000000000010010
11111111111111111111111111111010
11111111111111111111111111101000
11111111111111111111111111011111
11111111111111111111111111011101
11111111111111111111111111100000
